4294967279,460
421,5
4294967294,30
4294967294,61
4294967294,12
421,4
423,5
423,2
423,6
433,4
423,4
424,4
4294967278,132
4294967278,131
4294967278,130
4294967278,129
4294967278,128
4294967278,127
4294967278,126
4294967278,125
4294967278,124
4294967278,123
4294967278,249
4294967278,122
4294967278,121
4294967278,120
4294967278,119
4294967278,118
4294967278,117
4294967278,115
4294967278,114
4294967278,422
4294967278,113
4294967278,112
4294967278,110
4294967278,109
4294967278,108
4294967278,107
4294967278,103
4294967278,101
4294967278,100
4294967278,99
4294967278,98
4294967278,97
4294967278,96
4294967278,332
4294967278,94
4294967278,93
4294967278,92
4294967278,91
4294967278,90
4294967278,89
4294967278,243
4294967278,87
4294967278,86
4294967278,429
4294967278,85
4294967278,407
4294967278,84
4294967278,83
4294967278,82
4294967278,81
4294967278,80
4294967278,79
4294967278,78
4294967278,77
4294967278,76
4294967278,75
4294967278,74
4294967278,73
4294967278,72
4294967278,71
4294967278,69
4294967278,68
4294967278,67
4294967278,66
4294967278,65
4294967278,64
4294967278,63
4294967278,62
4294967278,61
4294967278,60
4294967278,59
4294967278,58
4294967278,57
4294967278,56
4294967278,55
4294967278,53
4294967278,52
4294967278,385
4294967279,85
4294967279,84
4294967279,83
4294967279,82
4294967279,81
4294967279,80
4294967279,79
4294967279,78
4294967279,77
4294967279,76
4294967279,75
4294967279,74
4294967279,73
4294967279,72
4294967279,71
4294967279,70
4294967279,69
4294967279,68
4294967279,67
4294967279,66
4294967279,65
4294967279,64
4294967279,63
4294967279,62
4294967279,61
4294967279,60
4294967279,59
4294967279,58
4294967279,57
4294967279,56
4294967279,51
4294967279,487
4294967279,50
4294967279,49
4294967279,48
4294967279,47
4294967279,46
4294967279,45
4294967279,44
4294967279,43
4294967279,42
4294967279,40
4294967279,39
4294967279,37
4294967279,36
4294967279,35
4294967279,34
4294967279,33
4294967279,32
4294967279,31
4294967279,30
4294967279,29
4294967279,28
4294967279,27
4294967279,26
4294967279,25
4294967279,24
4294967279,23
4294967279,22
4294967279,21
4294967279,20
4294967279,19
4294967279,18
4294967279,17
4294967279,16
4294967279,15
4294967279,13
4294967279,12
4294967279,11
4294967279,10
4294967279,9
4294967279,8
4294967279,7
4294967279,6
4294967279,5
4294967279,4
4294967279,55
4294967278,54
4294967279,54
4294967279,53
4294967279,422
4294967279,52
4294967279,161
4294967278,158
4294967279,159
4294967279,153
4294967279,152
4294967279,147
4294967278,144
4294967278,143
4294967278,141
4294967279,412
4294967279,139
4294967278,138
4294967278,135
4294967279,473
4294967279,283
4294967279,471
6538,6
6538,5
6538,4
6538,3
6538,2
6538,1
4294967279,303
4294967278,278
4294967294,1079
4294967279,262
4294967279,284
4294967279,258
4294967278,383
4294967279,446
4294967279,469
4294967278,413
4294967279,466
4294967278,254
4294967278,252
4294967279,249
4294967279,248
4294967278,246
4294967279,242
6535,5
6535,4
6535,3
6535,2
6535,1
4294967279,465
4294967279,236
4294967279,464
4294967279,316
4294967294,1433
4294967278,343
4294967279,285
6533,5
6533,4
6533,3
6533,2
6533,1
4294967294,392
4294967294,115
4294967279,438
4294967279,205
4294967278,203
4294967279,204
6531,6
6531,5
6531,4
6531,3
6531,2
6531,1
4294967279,456
4294967279,199
4294967279,418
4294967279,198
4294967278,196
4294967278,233
4294967278,328
4294967278,116
4294967278,221
4294967278,193
4294967278,111
4294967278,174
4294967278,106
4294967278,105
4294967278,104
4294967278,102
4294967278,95
4294967278,423
4294967278,420
4294967278,70
4294967278,418
4294967278,292
4294967278,424
4294967278,417
4294967278,410
4294967278,432
4294967278,430
4294967279,297
4294967278,192
4294967279,410
4294967279,415
4294967279,41
4294967279,38
4294967279,260
4294967279,14
4294967279,450
4294967279,193
4294967278,191
4294967278,403
4294967279,189
4294967278,186
4294967279,184
4294967294,1426
4294967278,180
4294967278,179
4294967279,180
4294967279,177
6528,6
6528,5
6528,4
6528,3
6528,2
6528,1
4294967279,309
4294967279,308
4294967279,170
4294967279,169
4294967279,168
4294967278,166
4294967279,419
4294967279,451
4294967278,339
4294967279,158
4294967278,338
4294967279,156
4294967279,457
6525,6
6525,5
6525,4
6525,3
6525,2
6525,1
4294967278,412
4294967279,449
4294967278,426
4294967279,499
4294967278,409
4294967279,395
4294967279,409
4294967279,384
4294967278,336
4294967279,443
4294967294,599
4294967294,160
4294967294,413
4294967279,441
4294967278,269
4294967294,1425
6522,6
6522,5
6522,4
4294967279,270
6522,3
6522,2
6522,1
4294967278,266
4294967294,1069
4294967279,447
6519,4
6519,3
6519,2
6519,1
4294967279,401
6518,4
6518,3
6518,2
6518,1
4294967279,250
4294967278,334
4294967279,244
4294967278,274
4294967279,463
4294967278,234
4294967279,234
4294967294,441
4294967279,232
6517,5
4294967279,226
6517,4
6517,3
6517,2
6517,1
6516,4
4294967279,218
6516,3
6516,2
6516,1
4294967279,216
6515,5
6515,4
4294967279,211
6515,3
6515,2
6515,1
4294967278,308
6514,4
6514,3
6514,2
6514,1
6513,4
6513,3
6513,2
6513,1
4294967279,203
4294967279,202
